L1
5626
5626
0
0
0
0
0
0
0
0
0
0
0
0
0
0
0
0
1

==================================
4253
4230
0
0
0
6
17
0
0
0
0
0
0
0
0
0
0
0
60

==================================
63581
62058
386
452
336
114
122
46
31
36
0
0
0
0
0
0
0
0
490

==================================
L2
5626
3441
2080
105
0
0
0
0
0
0
0
0
0
0
0
0
0
0
4

==================================
4253
3908
322
0
0
5
18
0
0
0
0
0
0
0
0
0
0
0
60

==================================
63581
63180
104
138
129
30
0
0
0
0
0
0
0
0
0
0
0
0
29

==================================
BM
5626
5175
451
0
0
0
0
0
0
0
0
0
0
0
0
0
0
0
0
0
0
3

============================
4253
4230
1
5
9
8
0
0
0
0
0
0
0
0
0
0
0
0
0
0
0
19

============================
63581
63305
158
101
16
1
0
0
0
0
0
0
0
0
0
0
0
0
0
0
0
19

============================
