L1
12783
12293
225
143
41
16
30
31
4
0
0
0
0
0
0
0
0
0
201

==================================
12232
12232
0
0
0
0
0
0
0
0
0
0
0
0
0
0
0
0
1

==================================
74259
74259
0
0
0
0
0
0
0
0
0
0
0
0
0
0
0
0
1

==================================
L2
12783
10906
1616
137
42
15
32
29
5
1
0
0
0
0
0
0
0
0
311

==================================
12232
12232
0
0
0
0
0
0
0
0
0
0
0
0
0
0
0
0
1

==================================
74259
74258
1
0
0
0
0
0
0
0
0
0
0
0
0
0
0
0
2

==================================
BM
12783
12596
106
24
34
21
2
0
0
0
0
0
0
0
0
0
0
0
0
0
0
37

============================
12232
12232
0
0
0
0
0
0
0
0
0
0
0
0
0
0
0
0
0
0
0
1

============================
74259
74259
0
0
0
0
0
0
0
0
0
0
0
0
0
0
0
0
0
0
0
1

============================
