L1
0
0
0
0
0
0
0
0
0
0
0
0
0
0
0
0
0
0
0

==================================
0
0
0
0
0
0
0
0
0
0
0
0
0
0
0
0
0
0
0

==================================
97855
83095
8997
5281
481
1
0
0
0
0
0
0
0
0
0
0
0
0
16

==================================
L2
0
0
0
0
0
0
0
0
0
0
0
0
0
0
0
0
0
0
0

==================================
0
0
0
0
0
0
0
0
0
0
0
0
0
0
0
0
0
0
0

==================================
97855
92614
4524
679
37
1
0
0
0
0
0
0
0
0
0
0
0
0
16

==================================
BM
0
0
0
0
0
0
0
0
0
0
0
0
0
0
0
0
0
0
0
0
0
0

============================
0
0
0
0
0
0
0
0
0
0
0
0
0
0
0
0
0
0
0
0
0
0

============================
97855
97045
770
40
0
0
0
0
0
0
0
0
0
0
0
0
0
0
0
0
0
7

============================
