L1
65244
65244
0
0
0
0
0
0
0
0
0
0
0
0
0
0
0
0
1

==================================
12411
12411
0
0
0
0
0
0
0
0
0
0
0
0
0
0
0
0
1

==================================
18288
18288
0
0
0
0
0
0
0
0
0
0
0
0
0
0
0
0
1

==================================
L2
65244
64354
890
0
0
0
0
0
0
0
0
0
0
0
0
0
0
0
3

==================================
12411
12411
0
0
0
0
0
0
0
0
0
0
0
0
0
0
0
0
1

==================================
18288
18288
0
0
0
0
0
0
0
0
0
0
0
0
0
0
0
0
1

==================================
BM
65244
65244
0
0
0
0
0
0
0
0
0
0
0
0
0
0
0
0
0
0
0
1

============================
12411
12411
0
0
0
0
0
0
0
0
0
0
0
0
0
0
0
0
0
0
0
1

============================
18288
18288
0
0
0
0
0
0
0
0
0
0
0
0
0
0
0
0
0
0
0
1

============================
