L1
29407
29213
0
2
4
1
4
28
122
33
0
0
0
0
0
0
0
0
476

==================================
50495
50495
0
0
0
0
0
0
0
0
0
0
0
0
0
0
0
0
1

==================================
3404
3404
0
0
0
0
0
0
0
0
0
0
0
0
0
0
0
0
1

==================================
L2
29407
21991
7222
2
4
1
2
19
97
69
0
0
0
0
0
0
0
0
478

==================================
50495
50495
0
0
0
0
0
0
0
0
0
0
0
0
0
0
0
0
1

==================================
3404
3404
0
0
0
0
0
0
0
0
0
0
0
0
0
0
0
0
1

==================================
BM
29407
29139
83
24
117
44
0
0
0
0
0
0
0
0
0
0
0
0
0
0
0
24

============================
50495
50495
0
0
0
0
0
0
0
0
0
0
0
0
0
0
0
0
0
0
0
1

============================
3404
3404
0
0
0
0
0
0
0
0
0
0
0
0
0
0
0
0
0
0
0
1

============================
