total rules: 2
0	2	2
1	0	0
2	0	0
3	0	0
4	0	0
5	0	0
6	0	0
7	0	0
8	0	0
9	0	0
10	0	0
11	0	0
12	0	0
13	0	0
14	0	0
15	0	0
16	0	0
17	0	0
18	0	0
19	0	0
20	0	0
21	0	0
22	0	0
23	0	0
24	0	0
25	0	0
26	0	0
27	0	0
28	0	0
29	0	0
30	0	0
31	0	0
32	0	0

=================
total rules: 79
0	0	24
1	0	18
2	0	12
3	0	13
4	0	12
5	0	0
6	0	0
7	0	0
8	14	0
9	0	0
10	0	0
11	0	0
12	0	0
13	0	0
14	0	0
15	0	0
16	0	0
17	0	0
18	0	0
19	0	0
20	0	0
21	0	0
22	0	0
23	65	0
24	0	0
25	0	0
26	0	0
27	0	0
28	0	0
29	0	0
30	0	0
31	0	0
32	0	0

=================
total rules: 5
0	5	0
1	0	0
2	0	0
3	0	0
4	0	0
5	0	0
6	0	0
7	0	0
8	0	2
9	0	0
10	0	0
11	0	0
12	0	0
13	0	3
14	0	0
15	0	0
16	0	0
17	0	0
18	0	0
19	0	0
20	0	0
21	0	0
22	0	0
23	0	0
24	0	0
25	0	0
26	0	0
27	0	0
28	0	0
29	0	0
30	0	0
31	0	0
32	0	0

=================
total rules: 9517
0	0	0
1	0	0
2	0	0
3	0	0
4	0	0
5	0	12
6	0	12
7	0	9
8	0	19
9	0	0
10	0	0
11	0	0
12	0	0
13	0	0
14	0	0
15	0	12
16	0	149
17	0	0
18	0	0
19	0	0
20	0	0
21	0	0
22	0	715
23	716	0
24	0	358
25	0	13
26	0	12
27	0	0
28	0	26
29	0	0
30	207	70
31	377	153
32	8217	7957

=================
