total rules: 9
0	9	9
1	0	0
2	0	0
3	0	0
4	0	0
5	0	0
6	0	0
7	0	0
8	0	0
9	0	0
10	0	0
11	0	0
12	0	0
13	0	0
14	0	0
15	0	0
16	0	0
17	0	0
18	0	0
19	0	0
20	0	0
21	0	0
22	0	0
23	0	0
24	0	0
25	0	0
26	0	0
27	0	0
28	0	0
29	0	0
30	0	0
31	0	0
32	0	0

=================
total rules: 452
0	0	452
1	0	0
2	0	0
3	0	0
4	0	0
5	0	0
6	0	0
7	0	0
8	0	0
9	0	0
10	0	0
11	0	0
12	0	0
13	0	0
14	0	0
15	0	0
16	30	0
17	6	0
18	0	0
19	0	0
20	0	0
21	0	0
22	14	0
23	33	0
24	208	0
25	4	0
26	12	0
27	0	0
28	5	0
29	7	0
30	0	0
31	0	0
32	133	0

=================
total rules: 547
0	547	0
1	0	0
2	0	0
3	0	0
4	0	0
5	0	0
6	0	0
7	0	0
8	0	0
9	0	0
10	0	0
11	0	0
12	0	0
13	0	0
14	0	0
15	0	0
16	0	21
17	0	0
18	0	0
19	0	0
20	0	0
21	0	0
22	0	8
23	0	13
24	0	119
25	0	5
26	0	29
27	0	0
28	0	11
29	0	0
30	0	3
31	0	6
32	0	332

=================
total rules: 8029
0	0	0
1	0	0
2	0	0
3	0	0
4	0	0
5	0	0
6	0	0
7	0	0
8	0	0
9	0	0
10	0	0
11	0	0
12	0	0
13	0	0
14	0	0
15	26	0
16	401	660
17	127	9
18	0	0
19	0	0
20	0	0
21	0	0
22	223	76
23	852	145
24	2217	2182
25	155	234
26	436	607
27	14	0
28	188	216
29	0	31
30	41	14
31	47	12
32	3302	3843

=================
