L1
1560
1560
0
0
0
0
0
0
0
0
0
0
0
0
0
0
0
0
1

==================================
155
155
0
0
0
0
0
0
0
0
0
0
0
0
0
0
0
0
1

==================================
97592
97592
0
0
0
0
0
0
0
0
0
0
0
0
0
0
0
0
1

==================================
L2
1560
1496
64
0
0
0
0
0
0
0
0
0
0
0
0
0
0
0
3

==================================
155
79
72
4
0
0
0
0
0
0
0
0
0
0
0
0
0
0
4

==================================
97592
97592
0
0
0
0
0
0
0
0
0
0
0
0
0
0
0
0
1

==================================
BM
1560
1558
2
0
0
0
0
0
0
0
0
0
0
0
0
0
0
0
0
0
0
2

============================
155
149
6
0
0
0
0
0
0
0
0
0
0
0
0
0
0
0
0
0
0
2

============================
97592
97592
0
0
0
0
0
0
0
0
0
0
0
0
0
0
0
0
0
0
0
1

============================
