L1
11593
11079
233
143
75
12
25
24
2
0
0
0
0
0
0
0
0
0
216

==================================
8497
8495
2
0
0
0
0
0
0
0
0
0
0
0
0
0
0
0
2

==================================
78807
70392
3005
830
1497
1899
951
220
13
0
0
0
0
0
0
0
0
0
157

==================================
L2
11593
9932
1368
144
84
12
26
25
2
0
0
0
0
0
0
0
0
0
219

==================================
8497
8150
347
0
0
0
0
0
0
0
0
0
0
0
0
0
0
0
2

==================================
78807
76571
1554
522
144
15
1
0
0
0
0
0
0
0
0
0
0
0
35

==================================
BM
11593
11345
161
31
28
24
4
0
0
0
0
0
0
0
0
0
0
0
0
0
0
54

============================
8497
8493
4
0
0
0
0
0
0
0
0
0
0
0
0
0
0
0
0
0
0
2

============================
78807
78030
648
117
12
0
0
0
0
0
0
0
0
0
0
0
0
0
0
0
0
13

============================
