L1
0
0
0
0
0
0
0
0
0
0
0
0
0
0
0
0
0
0
0

==================================
0
0
0
0
0
0
0
0
0
0
0
0
0
0
0
0
0
0
0

==================================
97855
96813
78
105
89
2
1
119
425
218
5
0
0
0
0
0
0
0
644

==================================
L2
0
0
0
0
0
0
0
0
0
0
0
0
0
0
0
0
0
0
0

==================================
0
0
0
0
0
0
0
0
0
0
0
0
0
0
0
0
0
0
0

==================================
97855
92614
4524
679
37
1
0
0
0
0
0
0
0
0
0
0
0
0
16

==================================
BM
0
0
0
0
0
0
0
0
0
0
0
0
0
0
0
0
0
0
0
0
0
0

============================
0
0
0
0
0
0
0
0
0
0
0
0
0
0
0
0
0
0
0
0
0
0

============================
97855
97044
768
43
0
0
0
0
0
0
0
0
0
0
0
0
0
0
0
0
0
6

============================
