L1
21397
21397
0
0
0
0
0
0
0
0
0
0
0
0
0
0
0
0
1

==================================
56774
56774
0
0
0
0
0
0
0
0
0
0
0
0
0
0
0
0
1

==================================
9522
9522
0
0
0
0
0
0
0
0
0
0
0
0
0
0
0
0
1

==================================
L2
21397
17654
3743
0
0
0
0
0
0
0
0
0
0
0
0
0
0
0
3

==================================
56774
56774
0
0
0
0
0
0
0
0
0
0
0
0
0
0
0
0
1

==================================
9522
9522
0
0
0
0
0
0
0
0
0
0
0
0
0
0
0
0
1

==================================
BM
21397
21032
365
0
0
0
0
0
0
0
0
0
0
0
0
0
0
0
0
0
0
3

============================
56774
56774
0
0
0
0
0
0
0
0
0
0
0
0
0
0
0
0
0
0
0
1

============================
9522
9522
0
0
0
0
0
0
0
0
0
0
0
0
0
0
0
0
0
0
0
1

============================
