L1
19569
19569
0
0
0
0
0
0
0
0
0
0
0
0
0
0
0
0
1

==================================
58779
58779
0
0
0
0
0
0
0
0
0
0
0
0
0
0
0
0
1

==================================
4059
4059
0
0
0
0
0
0
0
0
0
0
0
0
0
0
0
0
1

==================================
L2
19569
16074
3495
0
0
0
0
0
0
0
0
0
0
0
0
0
0
0
3

==================================
58779
58779
0
0
0
0
0
0
0
0
0
0
0
0
0
0
0
0
1

==================================
4059
4059
0
0
0
0
0
0
0
0
0
0
0
0
0
0
0
0
1

==================================
BM
19569
19408
161
0
0
0
0
0
0
0
0
0
0
0
0
0
0
0
0
0
0
2

============================
58779
58779
0
0
0
0
0
0
0
0
0
0
0
0
0
0
0
0
0
0
0
1

============================
4059
4059
0
0
0
0
0
0
0
0
0
0
0
0
0
0
0
0
0
0
0
1

============================
