L1
14375
14375
0
0
0
0
0
0
0
0
0
0
0
0
0
0
0
0
1

==================================
43314
43314
0
0
0
0
0
0
0
0
0
0
0
0
0
0
0
0
1

==================================
23972
23972
0
0
0
0
0
0
0
0
0
0
0
0
0
0
0
0
1

==================================
L2
14375
14249
126
0
0
0
0
0
0
0
0
0
0
0
0
0
0
0
3

==================================
43314
43307
7
0
0
0
0
0
0
0
0
0
0
0
0
0
0
0
2

==================================
23972
23972
0
0
0
0
0
0
0
0
0
0
0
0
0
0
0
0
1

==================================
BM
14375
14358
17
0
0
0
0
0
0
0
0
0
0
0
0
0
0
0
0
0
0
2

============================
43314
43314
0
0
0
0
0
0
0
0
0
0
0
0
0
0
0
0
0
0
0
1

============================
23972
23972
0
0
0
0
0
0
0
0
0
0
0
0
0
0
0
0
0
0
0
1

============================
