L1
8394
8394
0
0
0
0
0
0
0
0
0
0
0
0
0
0
0
0
1

==================================
12665
12354
272
39
0
0
0
0
0
0
0
0
0
0
0
0
0
0
6

==================================
78065
78065
0
0
0
0
0
0
0
0
0
0
0
0
0
0
0
0
1

==================================
L2
8394
8394
0
0
0
0
0
0
0
0
0
0
0
0
0
0
0
0
1

==================================
12665
12353
273
39
0
0
0
0
0
0
0
0
0
0
0
0
0
0
6

==================================
78065
78061
4
0
0
0
0
0
0
0
0
0
0
0
0
0
0
0
2

==================================
BM
8394
8394
0
0
0
0
0
0
0
0
0
0
0
0
0
0
0
0
0
0
0
1

============================
12665
12487
143
35
0
0
0
0
0
0
0
0
0
0
0
0
0
0
0
0
0
5

============================
78065
78065
0
0
0
0
0
0
0
0
0
0
0
0
0
0
0
0
0
0
0
1

============================
