L1
11050
11050
0
0
0
0
0
0
0
0
0
0
0
0
0
0
0
0
1

==================================
52443
52443
0
0
0
0
0
0
0
0
0
0
0
0
0
0
0
0
1

==================================
36507
36507
0
0
0
0
0
0
0
0
0
0
0
0
0
0
0
0
1

==================================
L2
11050
11050
0
0
0
0
0
0
0
0
0
0
0
0
0
0
0
0
1

==================================
52443
52443
0
0
0
0
0
0
0
0
0
0
0
0
0
0
0
0
1

==================================
36507
36507
0
0
0
0
0
0
0
0
0
0
0
0
0
0
0
0
1

==================================
BM
11050
11050
0
0
0
0
0
0
0
0
0
0
0
0
0
0
0
0
0
0
0
1

============================
52443
52443
0
0
0
0
0
0
0
0
0
0
0
0
0
0
0
0
0
0
0
1

============================
36507
36507
0
0
0
0
0
0
0
0
0
0
0
0
0
0
0
0
0
0
0
1

============================
